$ 1 0.000005 8.281975887399955 50 5 43
165 192 192 304 192 2 5
c 256 352 256 432 0 1e-8 3.333333333333337
c 128 320 128 432 0 0.000009999999999999999 3.2377960271188337
R 256 112 256 32 0 0 40 5 0 0 0.5
w 320 224 352 224 0
w 256 112 256 160 0
w 128 112 256 112 0
w 128 320 192 320 0
w 128 288 128 320 0
w 128 432 256 432 0
r 128 112 128 288 0 100000
w 176 288 176 144 0
r 176 144 240 144 0 12025
w 240 144 400 144 0
w 320 256 400 256 0
w 400 144 400 256 0
w 176 288 192 288 0
w 128 288 176 288 0
w 256 112 352 112 0
w 352 112 352 224 0
O 400 256 480 256 0
g 128 432 80 432 0
o 20 64 0 4098 5 0.1 0 1
