$ 1 9.5367431640625e-7 310.77885238917384 99 5 43
155 -256 48 -160 48 0 5
R -256 80 -256 128 1 2 32768 3.3 0 0 0.5
w -144 112 -144 0 0
w -160 0 -256 0 0
w -256 0 -256 48 0
w -112 0 -112 48 0
w 0 0 -112 0 0
w 0 112 0 0 0
w -16 112 0 112 0
155 -112 48 -16 48 0 0
w -160 0 -144 0 0
w -160 112 -144 112 0
w -160 48 -128 48 0
w -128 48 -128 80 0
w -128 80 -112 80 0
w 160 80 176 80 0
w 160 48 160 80 0
w 128 48 160 48 0
w 128 112 144 112 0
w 128 0 144 0 0
155 176 48 272 48 0 0
w 272 112 288 112 0
w 288 112 288 0 0
w 288 0 176 0 0
w 176 0 176 48 0
w 32 0 32 48 0
w 128 0 32 0 0
w 144 112 144 0 0
155 32 48 128 48 0 0
w 448 80 464 80 0
w 448 48 448 80 0
w 416 48 448 48 0
w 416 112 432 112 0
w 416 0 432 0 0
155 464 48 560 48 0 5
w 560 112 576 112 0
w 576 112 576 0 0
w 576 0 464 0 0
w 464 0 464 48 0
w 320 0 320 48 0
w 416 0 320 0 0
w 432 112 432 0 0
155 320 48 416 48 0 5
w 736 80 752 80 0
w 736 48 736 80 0
w 704 48 736 48 0
w 704 112 720 112 0
w 704 0 720 0 0
155 752 48 848 48 0 0
w 848 112 864 112 0
w 864 112 864 0 0
w 864 0 752 0 0
w 752 0 752 48 0
w 608 0 608 48 0
w 704 0 608 0 0
w 720 112 720 0 0
155 608 48 704 48 0 5
w -96 272 -80 272 0
w -96 240 -96 272 0
w -128 240 -96 240 0
w -128 304 -112 304 0
w -128 192 -112 192 0
155 -80 240 16 240 0 0
w 16 304 32 304 0
w 32 304 32 192 0
w 32 192 -80 192 0
w -80 192 -80 240 0
w -224 192 -224 240 0
w -128 192 -224 192 0
w -112 304 -112 192 0
155 -224 240 -128 240 0 0
w 192 272 208 272 0
w 192 240 192 272 0
w 160 240 192 240 0
w 160 304 176 304 0
w 160 192 176 192 0
155 208 240 304 240 0 5
w 304 304 320 304 0
w 320 192 208 192 0
w 208 192 208 240 0
w 64 192 64 240 0
w 160 192 64 192 0
w 176 304 176 192 0
155 64 240 160 240 0 0
w -16 48 16 48 0
w 16 48 16 80 0
w 16 80 32 80 0
w 272 48 304 48 0
w 304 48 304 80 0
w 304 80 320 80 0
w 560 48 592 48 0
w 592 48 592 80 0
w 592 80 608 80 0
w 848 48 880 48 0
w 880 48 880 160 0
w 880 160 -256 160 0
w -256 160 -256 272 0
w -256 272 -224 272 0
w 16 240 48 240 0
w 48 240 48 272 0
w 48 272 64 272 0
w 320 192 320 304 0
155 416 240 544 240 0 5
w 304 240 352 272 0
w 352 272 416 272 0
R 384 240 384 192 0 0 40 0 0 0 0.5
w 384 240 416 240 0
w 512 240 672 240 0
R 720 224 720 192 0 0 40 5 0 0 0.5
f 672 240 720 240 0 1.5 0.02
r 720 256 720 336 0 100
162 720 336 720 400 1 2.1024259 1 0 0 0.01
g 720 400 784 400 0
